480
260
495
260
510
260
525
260
540
260
540
245
540
230
540
215
540
200
525
200
510
200
495
200
495
215
465
245
465
230
465
215
465
200
465
185
450
185
435
185
420
185
405
185
405
200
405
215
405
230
420
230
450
260
435
260
420
260
405
260
390
260
390
275
390
290
390
305
390
320
405
320
420
320
435
320
435
305
465
275
465
290
465
305
465
320
465
335
480
335
495
335
510
335
525
335
525
320
525
305
525
290
510
290
300
89
315
89
330
89
345
89
360
89
360
74
360
59
360
44
360
29
345
29
330
29
315
29
315
44
285
74
285
59
285
44
285
29
285
14
270
14
255
14
240
14
225
14
225
29
225
44
225
59
240
59
270
89
255
89
240
89
225
89
210
89
210
104
210
119
210
134
210
149
225
149
240
149
255
149
255
134
285
104
285
119
285
134
285
149
285
164
300
164
315
164
330
164
345
164
345
149
345
134
345
119
330
119
120
260
135
260
150
260
165
260
180
260
180
245
180
230
180
215
180
200
165
200
150
200
135
200
135
215
105
245
105
230
105
215
105
200
105
185
90
185
75
185
60
185
45
185
45
200
45
215
45
230
60
230
90
260
75
260
60
260
45
260
30
260
30
275
30
290
30
305
30
320
45
320
60
320
75
320
75
305
105
275
105
290
105
305
105
320
105
335
120
335
135
335
150
335
165
335
165
320
165
305
165
290
150
290
300
431
315
431
330
431
345
431
360
431
360
416
360
401
360
386
360
371
345
371
330
371
315
371
315
386
285
416
285
401
285
386
285
371
285
356
270
356
255
356
240
356
225
356
225
371
225
386
225
401
240
401
270
431
255
431
240
431
225
431
210
431
210
446
210
461
210
476
210
491
225
491
240
491
255
491
255
476
285
446
285
461
285
476
285
491
285
506
300
506
315
506
330
506
345
506
345
491
345
476
345
461
330
461
300
260
315
260
330
260
345
260
360
260
360
245
360
230
360
215
360
200
345
200
330
200
315
200
315
215
285
245
285
230
285
215
285
200
285
185
270
185
255
185
240
185
225
185
225
200
225
215
225
230
240
230
270
260
255
260
240
260
225
260
210
260
210
275
210
290
210
305
210
320
225
320
240
320
255
320
255
305
285
275
285
290
285
305
285
320
285
335
300
335
315
335
330
335
345
335
345
320
345
305
345
290
330
290
